Sequencing share of depletion (%), withdrawal 4, T = 30, 2500 multisets
   portfolio  seed   phi |  K=6000  K=24000 | min ESS | n<1%    drop | n<5%    drop
conservative   101  -0.2 |    64.8     64.8 |  0.0166 |    0    64.8 |   10    64.7
conservative   101  +0.2 |    56.1     56.2 |  0.0204 |    0    56.1 |    8    56.0
    balanced   101  -0.2 |    61.0     61.0 |  0.0166 |    0    61.0 |   10    60.9
    balanced   101  +0.2 |    53.8     53.8 |  0.0204 |    0    53.8 |    8    53.6
      growth   101  -0.2 |    60.2     60.2 |  0.0166 |    0    60.2 |   10    60.2
      growth   101  +0.2 |    53.5     53.5 |  0.0204 |    0    53.5 |    8    53.3
  aggressive   101  -0.2 |    59.3     59.3 |  0.0166 |    0    59.3 |   10    59.3
  aggressive   101  +0.2 |    53.1     53.1 |  0.0204 |    0    53.1 |    8    52.9
    balanced   202  -0.2 |    60.6     60.6 |  0.0181 |    0    60.6 |    7    60.5
    balanced   202  +0.2 |    53.5     53.6 |  0.0140 |    0    53.5 |   11    53.3
    balanced   303  -0.2 |    62.3     62.4 |  0.0147 |    0    62.3 |    6    62.3
    balanced   303  +0.2 |    54.3     54.4 |  0.0077 |    1    54.3 |   10    54.3
